0 64 94 50 59 10 9 55 43 16 56 36 44 8 5 66 46 76 81 92 18 69 16 5 77 59 68 39 30 18 58 79 31 11 26 65 97 8 68 45 49 3 94 44 52 56 65 56 42 53 
64 0 40 45 76 92 46 74 74 40 74 73 44 71 71 78 45 61 38 26 30 95 59 47 74 44 6 76 91 42 80 35 69 99 31 3 5 74 46 7 16 34 78 75 25 4 4 90 83 34 
94 40 0 77 20 67 62 51 35 12 63 72 71 22 13 93 35 83 52 83 13 72 25 76 95 13 35 4 61 48 2 81 10 25 58 24 48 0 91 59 100 83 3 44 10 30 43 14 96 92 
50 45 77 0 60 25 27 50 96 60 70 68 82 24 26 70 96 17 39 28 87 5 7 6 57 69 24 63 11 59 1 58 56 0 49 71 94 91 2 42 97 5 32 70 4 79 94 14 52 42 
59 76 20 60 0 21 49 11 49 44 58 88 5 90 96 77 42 49 68 40 67 99 26 86 69 63 64 18 88 23 10 26 37 1 90 31 99 19 71 17 70 37 93 40 7 38 39 57 12 94 
10 92 67 25 21 0 73 2 78 21 14 9 2 45 81 45 74 54 0 28 42 32 7 80 89 57 89 46 4 85 69 71 16 79 56 14 53 83 27 11 12 39 83 6 75 37 50 51 9 36 
9 46 62 27 49 73 0 51 4 41 72 27 37 40 56 22 94 69 52 73 85 71 82 14 40 21 97 55 19 58 1 98 27 13 16 48 85 9 13 71 74 49 45 82 16 42 60 68 78 29 
55 74 51 50 11 2 51 0 93 73 35 45 9 96 2 75 6 36 31 87 18 27 22 43 99 60 10 87 44 99 57 100 88 68 84 11 100 68 55 3 62 34 22 100 42 79 68 51 67 66 
43 74 35 96 49 78 4 93 0 61 66 24 82 69 16 96 35 19 72 9 46 44 87 52 22 21 86 60 14 24 75 36 82 32 4 32 99 78 29 60 70 100 7 35 98 28 83 46 67 30 
16 40 12 60 44 21 41 73 61 0 83 75 98 80 62 57 87 29 49 13 21 54 61 65 17 1 11 68 83 13 2 10 28 67 59 99 31 100 47 90 62 81 15 7 10 58 63 30 38 92 
56 74 63 70 58 14 72 35 66 83 0 57 92 52 2 5 14 50 33 96 17 21 41 6 96 19 6 30 35 77 33 65 15 47 93 43 23 26 59 55 74 94 99 57 56 43 51 55 62 59 
36 73 72 68 88 9 27 45 24 75 57 0 67 78 19 66 6 62 12 8 12 92 13 73 46 51 49 24 84 17 45 33 56 12 9 53 98 72 36 100 98 21 69 94 32 21 63 74 18 64 
44 44 71 82 5 2 37 9 82 98 92 67 0 44 52 45 87 43 62 100 70 53 2 90 33 27 13 42 75 16 27 16 81 12 40 5 32 3 35 64 9 35 24 10 22 59 19 26 35 41 
8 71 22 24 90 45 40 96 69 80 52 78 44 0 37 69 35 100 70 59 65 32 72 58 73 92 84 44 66 86 53 41 2 54 9 20 26 96 53 98 19 62 28 23 25 37 84 81 90 84 
5 71 13 26 96 81 56 2 16 62 2 19 52 37 0 50 71 2 29 84 64 2 24 89 61 24 30 0 94 93 15 83 7 18 92 86 67 80 88 58 30 95 66 95 18 25 13 100 87 57 
66 78 93 70 77 45 22 75 96 57 5 66 45 69 50 0 14 26 21 36 67 6 96 69 2 29 27 16 68 80 7 63 58 47 35 98 11 16 64 33 28 92 76 56 6 41 86 35 62 59 
46 45 35 96 42 74 94 6 35 87 14 6 87 35 71 14 0 56 76 13 48 47 72 65 11 11 11 28 22 3 20 60 55 17 0 96 54 99 44 100 52 62 98 62 61 9 79 86 23 16 
76 61 83 17 49 54 69 36 19 29 50 62 43 100 2 26 56 0 10 81 90 80 62 68 36 46 82 34 76 47 15 25 81 80 44 62 56 98 56 48 66 15 61 77 92 50 37 67 88 60 
81 38 52 39 68 0 52 31 72 49 33 12 62 70 29 21 76 10 0 89 68 96 0 60 35 45 7 46 91 35 93 77 48 51 38 74 98 88 15 97 94 41 98 54 28 31 90 54 33 85 
92 26 83 28 40 28 73 87 9 13 96 8 100 59 84 36 13 81 89 0 64 22 2 84 29 70 92 26 79 20 86 8 4 77 13 35 56 54 83 88 84 45 85 75 72 0 48 17 39 68 
18 30 13 87 67 42 85 18 46 21 17 12 70 65 64 67 48 90 68 64 0 95 59 26 10 76 67 58 44 17 63 42 73 42 67 29 53 69 60 8 92 22 100 20 56 7 27 21 3 48 
69 95 72 5 99 32 71 27 44 54 21 92 53 32 2 6 47 80 96 22 95 0 61 67 35 72 66 32 57 71 27 41 36 77 23 17 10 30 79 37 65 75 15 45 65 66 72 78 86 49 
16 59 25 7 26 7 82 22 87 61 41 13 2 72 24 96 72 62 0 2 59 61 0 5 23 47 44 52 67 39 38 21 71 7 36 5 25 58 81 40 99 10 16 56 75 72 4 55 92 51 
5 47 76 6 86 80 14 43 52 65 6 73 90 58 89 69 65 68 60 84 26 67 5 0 94 15 49 30 66 82 92 18 3 41 35 9 0 73 89 51 84 21 63 28 80 58 6 51 47 23 
77 74 95 57 69 89 40 99 22 17 96 46 33 73 61 2 11 36 35 29 10 35 23 94 0 44 45 93 14 14 10 99 30 45 29 30 12 81 38 81 99 65 37 18 78 90 8 41 45 87 
59 44 13 69 63 57 21 60 21 1 19 51 27 92 24 29 11 46 45 70 76 72 47 15 44 0 59 4 31 61 74 62 15 91 93 26 3 27 88 31 2 98 75 83 6 86 37 83 94 80 
68 6 35 24 64 89 97 10 86 11 6 49 13 84 30 27 11 82 7 92 67 66 44 49 45 59 0 64 24 79 78 11 60 26 39 99 25 39 83 65 8 41 25 93 59 69 50 90 35 85 
39 76 4 63 18 46 55 87 60 68 30 24 42 44 0 16 28 34 46 26 58 32 52 30 93 4 64 0 6 39 74 87 40 73 21 32 82 0 64 17 37 6 72 83 89 9 27 42 75 16 
30 91 61 11 88 4 19 44 14 83 35 84 75 66 94 68 22 76 91 79 44 57 67 66 14 31 24 6 0 25 86 83 8 100 37 91 91 54 57 72 86 66 61 10 34 60 60 9 16 59 
18 42 48 59 23 85 58 99 24 13 77 17 16 86 93 80 3 47 35 20 17 71 39 82 14 61 79 39 25 0 35 62 23 7 44 46 7 80 49 67 51 21 18 88 5 84 68 70 39 57 
58 80 2 1 10 69 1 57 75 2 33 45 27 53 15 7 20 15 93 86 63 27 38 92 10 74 78 74 86 35 0 79 67 75 26 31 54 13 82 94 7 96 20 100 56 84 27 82 29 69 
79 35 81 58 26 71 98 100 36 10 65 33 16 41 83 63 60 25 77 8 42 41 21 18 99 62 11 87 83 62 79 0 45 40 39 94 94 63 11 16 27 8 3 56 37 5 39 92 21 36 
31 69 10 56 37 16 27 88 82 28 15 56 81 2 7 58 55 81 48 4 73 36 71 3 30 15 60 40 8 23 67 45 0 41 71 28 6 41 95 66 64 79 92 79 4 21 65 88 91 82 
11 99 25 0 1 79 13 68 32 67 47 12 12 54 18 47 17 80 51 77 42 77 7 41 45 91 26 73 100 7 75 40 41 0 66 35 10 17 80 27 64 68 18 27 70 17 56 28 41 70 
26 31 58 49 90 56 16 84 4 59 93 9 40 9 92 35 0 44 38 13 67 23 36 35 29 93 39 21 37 44 26 39 71 66 0 95 71 83 88 5 8 99 68 90 37 96 21 59 82 83 
65 3 24 71 31 14 48 11 32 99 43 53 5 20 86 98 96 62 74 35 29 17 5 9 30 26 99 32 91 46 31 94 28 35 95 0 56 64 58 98 87 28 42 40 77 50 23 33 36 100 
97 5 48 94 99 53 85 100 99 31 23 98 32 26 67 11 54 56 98 56 53 10 25 0 12 3 25 82 91 7 54 94 6 10 71 56 0 81 23 18 20 71 26 11 13 48 51 65 95 76 
8 74 0 91 19 83 9 68 78 100 26 72 3 96 80 16 99 98 88 54 69 30 58 73 81 27 39 0 54 80 13 63 41 17 83 64 81 0 61 14 5 26 64 34 62 66 53 70 73 90 
68 46 91 2 71 27 13 55 29 47 59 36 35 53 88 64 44 56 15 83 60 79 81 89 38 88 83 64 57 49 82 11 95 80 88 58 23 61 0 96 19 34 95 31 75 88 72 63 52 84 
45 7 59 42 17 11 71 3 60 90 55 100 64 98 58 33 100 48 97 88 8 37 40 51 81 31 65 17 72 67 94 16 66 27 5 98 18 14 96 0 42 35 37 27 13 73 93 79 76 48 
49 16 100 97 70 12 74 62 70 62 74 98 9 19 30 28 52 66 94 84 92 65 99 84 99 2 8 37 86 51 7 27 64 64 8 87 20 5 19 42 0 73 74 98 76 2 32 7 15 23 
3 34 83 5 37 39 49 34 100 81 94 21 35 62 95 92 62 15 41 45 22 75 10 21 65 98 41 6 66 21 96 8 79 68 99 28 71 26 34 35 73 0 52 90 34 4 77 97 82 22 
94 78 3 32 93 83 45 22 7 15 99 69 24 28 66 76 98 61 98 85 100 15 16 63 37 75 25 72 61 18 20 3 92 18 68 42 26 64 95 37 74 52 0 70 51 80 1 99 13 66 
44 75 44 70 40 6 82 100 35 7 57 94 10 23 95 56 62 77 54 75 20 45 56 28 18 83 93 83 10 88 100 56 79 27 90 40 11 34 31 27 98 90 70 0 86 43 63 24 66 42 
52 25 10 4 7 75 16 42 98 10 56 32 22 25 18 6 61 92 28 72 56 65 75 80 78 6 59 89 34 5 56 37 4 70 37 77 13 62 75 13 76 34 51 86 0 100 96 70 10 92 
56 4 30 79 38 37 42 79 28 58 43 21 59 37 25 41 9 50 31 0 7 66 72 58 90 86 69 9 60 84 84 5 21 17 96 50 48 66 88 73 2 4 80 43 100 0 5 79 85 18 
65 4 43 94 39 50 60 68 83 63 51 63 19 84 13 86 79 37 90 48 27 72 4 6 8 37 50 27 60 68 27 39 65 56 21 23 51 53 72 93 32 77 1 63 96 5 0 55 60 29 
56 90 14 14 57 51 68 51 46 30 55 74 26 81 100 35 86 67 54 17 21 78 55 51 41 83 90 42 9 70 82 92 88 28 59 33 65 70 63 79 7 97 99 24 70 79 55 0 24 13 
42 83 96 52 12 9 78 67 67 38 62 18 35 90 87 62 23 88 33 39 3 86 92 47 45 94 35 75 16 39 29 21 91 41 82 36 95 73 52 76 15 82 13 66 10 85 60 24 0 35 
53 34 92 42 94 36 29 66 30 92 59 64 41 84 57 59 16 60 85 68 48 49 51 23 87 80 85 16 59 57 69 36 82 70 83 100 76 90 84 48 23 22 66 42 92 18 29 13 35 0 
