0 84 38 95 37 79 84 88 20 56 42 5 29 59 9 40 34 78 48 37 34 58 58 57 54 28 83 33 32 86 37 29 46 9 87 36 26 92 100 95 97 33 5 94 94 48 18 53 36 54 74 13 85 70 55 90 0 79 83 57 50 83 83 95 40 29 80 49 7 100 89 68 96 77 60 35 63 89 96 70 43 33 65 72 82 29 76 99 77 34 3 26 77 63 6 29 75 65 58 46 
84 0 17 23 57 19 81 19 66 90 41 83 81 53 42 99 78 79 68 0 55 33 24 2 23 26 81 0 4 96 10 81 1 76 97 81 83 41 92 80 44 66 92 39 21 89 8 58 11 7 14 59 11 36 33 39 42 78 36 6 80 18 49 81 22 94 61 3 68 33 43 49 13 43 81 100 90 52 70 68 26 49 85 77 92 34 96 18 83 4 49 7 24 51 63 38 23 69 22 37 
38 17 0 47 60 61 90 36 75 6 51 15 18 7 75 9 48 73 47 34 62 25 37 97 5 42 71 96 99 34 37 77 87 2 32 54 33 54 31 4 69 42 74 80 37 16 79 59 65 60 87 77 85 4 49 36 71 65 95 25 4 66 62 39 55 99 6 16 5 89 19 64 17 38 15 91 89 41 52 96 33 83 41 58 47 60 6 89 64 4 70 58 33 1 95 57 51 47 39 11 
95 23 47 0 43 6 21 53 7 8 28 53 60 68 37 87 40 86 38 30 6 33 50 11 10 47 79 16 12 91 57 0 90 31 0 39 66 73 24 1 78 58 4 24 6 27 3 58 98 49 46 18 6 23 81 2 61 74 6 2 2 23 31 55 41 89 41 67 66 31 91 19 92 80 7 26 73 23 17 25 87 6 13 80 7 4 85 59 29 47 76 22 1 41 22 52 74 37 0 22 
37 57 60 43 0 6 67 26 81 21 57 93 5 63 30 38 86 75 68 6 61 32 30 98 85 28 91 3 81 70 95 68 13 71 58 89 20 43 65 24 20 47 23 76 63 96 90 25 12 11 2 66 58 88 12 63 9 17 65 47 66 92 1 21 38 75 97 26 76 9 83 81 2 70 70 38 90 50 74 6 23 4 49 68 42 46 47 21 97 53 31 95 7 89 16 18 68 75 65 71 
79 19 61 6 6 0 82 59 49 9 65 41 78 85 3 66 51 90 83 96 33 93 19 36 52 34 91 83 86 64 48 6 46 46 95 91 51 16 43 58 78 14 33 34 66 52 64 93 47 2 6 59 8 5 66 13 52 74 27 68 75 29 0 52 98 100 55 92 1 19 69 80 46 11 15 0 21 52 51 94 78 77 4 32 31 8 14 94 40 4 40 58 13 99 10 6 77 5 24 17 
84 81 90 21 67 82 0 73 4 28 49 77 16 95 38 20 2 24 8 42 59 25 62 69 6 63 13 18 72 35 96 95 48 74 82 22 67 100 3 65 25 59 81 60 47 41 8 98 38 79 59 20 67 73 95 64 77 94 67 23 48 35 26 92 6 29 24 83 5 16 2 83 28 76 73 10 87 49 67 0 29 16 90 6 68 86 1 10 81 17 66 17 47 78 23 83 40 63 31 69 
88 19 36 53 26 59 73 0 0 52 77 11 57 0 64 32 76 65 5 98 50 5 46 29 80 29 58 45 25 65 5 46 39 57 6 50 2 0 77 18 86 36 58 98 83 83 4 15 80 38 79 72 61 68 85 94 21 51 95 16 56 26 58 51 60 62 3 20 1 0 87 58 67 44 80 29 69 86 67 77 27 63 74 32 100 17 32 99 75 7 19 9 0 15 68 15 18 38 26 14 
20 66 75 7 81 49 4 0 0 92 12 85 54 17 91 33 0 44 93 64 97 33 81 100 76 89 14 63 40 51 21 90 8 45 9 84 75 76 29 36 15 11 25 93 26 17 50 5 6 97 42 4 34 76 63 51 4 55 56 0 3 24 95 62 47 31 85 79 83 8 39 31 33 59 16 34 43 95 7 7 10 12 90 97 40 100 100 53 89 95 41 5 94 25 26 44 73 19 19 53 
56 90 6 8 21 9 28 52 92 0 48 91 61 90 98 0 72 95 54 62 30 45 92 45 58 20 47 9 61 30 95 51 65 78 63 25 67 96 57 98 35 82 23 21 16 70 37 54 16 78 75 76 46 84 60 14 83 79 22 55 67 72 76 7 29 59 75 29 83 74 17 95 1 18 37 27 5 100 67 48 32 22 58 27 68 22 9 76 54 49 0 100 67 62 12 90 87 34 61 31 
42 41 51 28 57 65 49 77 12 48 0 71 78 64 80 10 43 38 97 15 16 51 1 86 19 100 92 29 96 51 62 9 18 46 83 16 41 3 52 53 11 22 13 9 20 80 89 19 30 84 77 69 6 42 36 33 48 31 40 99 52 6 78 62 51 54 45 9 67 73 35 98 33 19 7 68 58 27 8 89 59 46 98 22 50 67 27 79 22 70 9 68 53 89 43 41 39 29 31 70 
5 83 15 53 93 41 77 11 85 91 71 0 67 76 50 68 26 70 98 68 47 29 87 32 49 92 41 93 76 54 93 39 81 93 3 29 59 44 61 11 19 58 60 28 89 63 61 88 53 40 15 69 93 1 1 89 73 6 58 39 16 75 87 62 86 73 19 46 30 78 93 99 36 93 10 65 94 31 24 26 2 11 26 59 57 30 21 37 16 8 30 28 42 84 97 49 47 73 31 88 
29 81 18 60 5 78 16 57 54 61 78 67 0 16 2 56 90 7 0 38 63 25 96 32 6 85 67 86 94 1 33 93 42 98 94 26 84 94 19 82 6 2 58 81 27 60 80 69 12 8 61 75 36 64 32 47 18 91 24 97 80 38 64 17 0 52 69 52 36 88 70 39 54 34 44 41 60 19 20 19 52 80 15 54 62 60 29 1 34 100 31 47 93 65 37 88 53 55 65 5 
59 53 7 68 63 85 95 0 17 90 64 76 16 0 49 5 16 97 74 10 56 98 90 45 26 6 55 94 74 62 55 50 37 59 3 5 89 31 70 100 31 54 75 39 21 60 32 1 59 11 46 86 30 70 79 71 43 12 91 19 75 77 53 83 79 73 74 70 9 91 24 1 5 7 47 43 93 9 58 71 18 5 22 74 54 9 84 94 53 8 10 60 0 29 32 95 77 39 67 90 
9 42 75 37 30 3 38 64 91 98 80 50 2 49 0 87 81 18 97 31 64 85 70 55 23 43 3 40 12 25 97 48 50 90 34 93 31 64 72 43 58 40 34 39 83 5 84 14 45 51 77 41 98 48 28 10 83 0 65 55 54 77 52 28 20 46 20 0 54 1 83 96 45 0 29 83 2 35 42 14 54 98 86 86 77 32 56 80 64 44 26 69 93 29 89 34 49 19 14 85 
40 99 9 87 38 66 20 32 33 0 10 68 56 5 87 0 97 50 62 60 25 88 75 23 47 96 49 31 53 73 35 46 86 16 96 63 9 6 54 13 17 18 95 8 38 47 66 37 0 66 54 76 68 75 27 5 56 15 38 26 37 48 39 89 34 24 49 64 5 48 21 88 9 88 27 73 20 86 48 20 70 59 22 42 56 98 18 99 61 67 25 34 4 11 90 70 72 5 54 71 
34 78 48 40 86 51 2 76 0 72 43 26 90 16 81 97 0 50 68 73 93 34 1 28 25 18 18 75 31 82 36 44 15 59 48 11 95 13 96 68 26 37 64 73 89 84 64 34 37 60 73 85 0 84 33 46 0 26 24 38 60 59 5 63 78 88 49 12 38 54 92 8 67 92 51 68 87 78 80 42 25 35 58 72 38 77 66 34 19 25 13 35 0 86 38 64 41 13 99 86 
78 79 73 86 75 90 24 65 44 95 38 70 7 97 18 50 50 0 1 97 30 6 74 19 30 81 92 42 100 75 43 30 42 22 45 45 43 40 23 47 79 0 90 47 65 44 19 70 24 24 14 18 46 85 10 60 43 93 55 80 61 48 43 49 7 52 44 7 0 86 46 85 59 9 31 8 81 38 81 19 76 96 77 39 94 74 12 35 54 18 86 78 91 13 21 44 68 87 18 0 
48 68 47 38 68 83 8 5 93 54 97 98 0 74 97 62 68 1 0 35 16 36 44 44 75 13 90 65 2 24 33 28 38 95 75 23 96 11 14 65 72 81 4 93 29 40 42 73 24 4 61 70 74 34 70 27 21 7 49 72 20 40 6 52 39 59 70 52 83 64 42 89 12 95 53 81 75 15 41 6 26 24 65 84 33 86 93 3 55 3 89 98 3 30 52 0 55 21 79 26 
37 0 34 30 6 96 42 98 64 62 15 68 38 10 31 60 73 97 35 0 4 73 48 39 28 28 56 37 87 35 98 59 95 63 54 99 99 67 36 39 35 86 6 95 16 38 22 95 49 80 29 61 55 46 46 13 68 25 55 47 10 2 55 18 75 22 13 72 32 80 92 94 85 79 2 54 53 82 28 21 43 20 17 43 20 93 7 48 11 95 24 58 65 79 27 41 41 20 12 46 
34 55 62 6 61 33 59 50 97 30 16 47 63 56 64 25 93 30 16 4 0 9 95 49 84 96 38 32 73 46 59 65 0 17 42 75 21 46 9 6 75 23 67 60 83 22 20 54 45 11 63 91 30 64 63 48 91 8 5 79 54 28 85 11 100 88 36 19 86 75 40 66 93 40 10 22 29 11 39 86 7 80 30 4 42 43 5 43 43 23 79 41 26 55 41 39 81 62 46 44 
58 33 25 33 32 93 25 5 33 45 51 29 25 98 85 88 34 6 36 73 9 0 30 83 4 32 50 43 20 44 35 24 74 1 19 74 6 88 25 36 77 37 54 11 83 75 99 12 55 60 98 89 20 69 78 29 13 2 96 66 28 53 4 56 40 54 88 97 54 14 76 20 43 33 25 0 52 80 92 90 53 10 20 1 76 79 19 3 39 65 70 56 52 31 5 76 53 51 19 64 
58 24 37 50 30 19 62 46 81 92 1 87 96 90 70 75 1 74 44 48 95 30 0 21 63 89 86 54 98 35 89 72 76 50 6 53 46 45 63 51 41 16 6 26 66 84 31 38 93 44 94 39 35 53 60 79 22 48 30 69 23 70 57 48 89 94 95 57 9 73 69 79 3 19 8 29 91 65 95 37 89 1 69 87 56 36 13 47 33 28 13 22 51 69 67 60 63 38 77 15 
57 2 97 11 98 36 69 29 100 45 86 32 32 45 55 23 28 19 44 39 49 83 21 0 35 99 24 38 63 40 75 23 66 30 48 8 73 1 76 80 84 62 0 18 69 48 43 28 95 39 34 5 84 43 66 35 100 1 8 35 97 19 57 39 45 42 56 95 55 55 8 73 44 9 35 73 52 98 10 23 75 30 95 36 52 14 57 76 70 16 70 91 58 42 65 80 87 58 78 17 
54 23 5 10 85 52 6 80 76 58 19 49 6 26 23 47 25 30 75 28 84 4 63 35 0 51 96 10 17 93 6 80 84 45 86 11 93 3 100 54 77 41 65 39 6 2 36 32 55 60 79 29 46 41 82 20 18 56 24 48 93 49 73 45 59 78 93 68 30 39 12 82 79 9 79 74 76 72 0 77 8 99 16 11 63 31 32 23 45 75 82 4 58 0 10 14 33 10 15 70 
28 26 42 47 28 34 63 29 89 20 100 92 85 6 43 96 18 81 13 28 96 32 89 99 51 0 80 23 64 3 48 93 82 21 70 14 82 42 34 0 37 77 99 84 91 29 26 15 59 18 11 67 14 93 25 38 75 90 79 28 64 64 43 75 58 34 36 72 14 69 31 67 29 43 56 13 13 56 86 68 43 44 31 96 91 32 22 65 58 47 78 82 23 50 52 57 48 97 38 48 
83 81 71 79 91 91 13 58 14 47 92 41 67 55 3 49 18 92 90 56 38 50 86 24 96 80 0 32 63 93 49 43 29 98 90 20 87 42 84 58 53 53 67 0 31 57 83 16 87 42 32 87 64 68 60 40 2 90 30 49 34 49 17 44 43 32 91 71 29 23 41 80 60 79 43 7 41 45 51 37 54 84 29 77 46 42 58 58 42 59 29 2 84 88 30 79 68 41 49 2 
33 0 96 16 3 83 18 45 63 9 29 93 86 94 40 31 75 42 65 37 32 43 54 38 10 23 32 0 57 95 4 81 28 79 70 88 72 13 25 70 39 41 48 87 79 9 18 37 99 66 47 55 74 99 62 41 94 28 72 77 88 64 4 79 53 49 32 5 41 27 74 52 78 71 21 76 89 87 35 97 81 2 95 16 8 68 62 43 46 52 92 86 81 46 22 53 37 11 9 94 
32 4 99 12 81 86 72 25 40 61 96 76 94 74 12 53 31 100 2 87 73 20 98 63 17 64 63 57 0 63 79 50 1 44 3 86 55 15 37 2 71 100 37 4 59 67 57 11 63 51 71 27 74 63 59 54 22 41 30 28 53 41 88 54 66 48 87 2 2 14 23 46 95 87 5 0 22 77 66 75 90 42 6 4 53 87 48 1 67 87 35 20 98 32 55 43 8 86 57 93 
86 96 34 91 70 64 35 65 51 30 51 54 1 62 25 73 82 75 24 35 46 44 35 40 93 3 93 95 63 0 5 30 13 6 21 84 24 57 75 40 55 13 82 3 63 89 59 0 18 31 75 6 95 67 26 85 81 70 56 91 99 10 35 4 76 95 65 13 28 39 35 3 40 96 25 73 13 10 41 29 15 50 67 82 66 55 92 15 36 39 71 41 3 3 73 52 4 47 97 80 
37 10 37 57 95 48 96 5 21 95 62 93 33 55 97 35 36 43 33 98 59 35 89 75 6 48 49 4 79 5 0 57 88 77 80 90 73 30 0 28 71 92 70 22 4 75 58 57 18 3 22 73 18 26 37 75 39 8 98 89 50 39 55 94 99 68 45 50 82 2 22 22 4 42 48 32 85 33 8 70 22 64 10 9 4 47 98 33 52 93 65 83 24 90 33 32 89 91 19 20 
29 81 77 0 68 6 95 46 90 51 9 39 93 50 48 46 44 30 28 59 65 24 72 23 80 93 43 81 50 30 57 0 10 50 25 17 22 98 8 14 3 69 23 22 71 68 81 36 77 4 61 46 94 92 12 58 22 90 93 92 57 25 93 13 25 98 35 92 14 71 88 78 46 52 35 80 52 69 64 82 73 82 39 13 70 56 22 83 43 4 1 22 29 16 68 63 33 4 76 35 
46 1 87 90 13 46 48 39 8 65 18 81 42 37 50 86 15 42 38 95 0 74 76 66 84 82 29 28 1 13 88 10 0 99 95 89 30 46 55 37 2 76 10 57 8 18 68 76 41 39 35 74 54 99 12 31 29 67 12 83 28 35 88 5 43 56 21 42 45 75 79 44 3 84 56 70 0 75 16 54 16 44 6 73 56 99 0 5 17 87 71 11 36 41 50 19 60 24 12 70 
9 76 2 31 71 46 74 57 45 78 46 93 98 59 90 16 59 22 95 63 17 1 50 30 45 21 98 79 44 6 77 50 99 0 77 34 39 42 84 49 21 38 75 16 29 51 96 100 71 25 69 42 3 34 26 93 48 47 54 89 13 17 12 5 12 59 89 75 65 16 52 84 29 41 61 20 9 65 62 74 76 96 42 47 92 7 84 0 24 31 5 14 25 53 54 24 5 49 71 28 
87 97 32 0 58 95 82 6 9 63 83 3 94 3 34 96 48 45 75 54 42 19 6 48 86 70 90 70 3 21 80 25 95 77 0 53 96 85 65 78 72 32 16 43 25 32 98 33 97 16 37 23 79 44 49 97 2 13 34 3 9 92 10 98 63 25 79 34 12 66 78 57 92 75 85 40 19 62 73 31 42 5 39 15 43 54 47 29 51 16 3 78 17 35 99 14 36 10 83 63 
36 81 54 39 89 91 22 50 84 25 16 29 26 5 93 63 11 45 23 99 75 74 53 8 11 14 20 88 86 84 90 17 89 34 53 0 55 11 4 82 10 66 87 42 80 66 33 44 74 33 39 20 70 31 23 55 19 20 58 88 40 57 78 90 78 27 25 89 80 61 59 43 90 34 37 65 43 77 40 61 84 28 8 46 90 6 52 40 68 16 2 65 67 39 66 67 84 92 83 75 
26 83 33 66 20 51 67 2 75 67 41 59 84 89 31 9 95 43 96 99 21 6 46 73 93 82 87 72 55 24 73 22 30 39 96 55 0 1 66 40 66 30 61 8 27 94 53 3 23 46 69 4 50 14 5 23 38 95 37 37 73 34 33 29 27 75 79 3 76 42 69 67 28 24 24 78 16 75 46 22 41 9 26 20 12 76 1 44 93 92 8 16 0 99 40 63 61 76 95 24 
92 41 54 73 43 16 100 0 76 96 3 44 94 31 64 6 13 40 11 67 46 88 45 1 3 42 42 13 15 57 30 98 46 42 85 11 1 0 58 11 84 29 50 85 23 10 51 32 56 38 53 27 57 58 81 86 78 89 84 99 49 56 8 61 3 47 78 34 84 23 75 60 2 78 7 9 5 49 5 4 25 93 99 22 58 80 63 65 14 13 71 54 90 24 7 46 58 67 7 49 
100 92 31 24 65 43 3 77 29 57 52 61 19 70 72 54 96 23 14 36 9 25 63 76 100 34 84 25 37 75 0 8 55 84 65 4 66 58 0 57 32 29 89 29 80 24 19 16 71 63 29 74 98 34 53 99 9 59 46 22 55 54 75 73 9 40 35 52 75 86 45 69 1 79 37 12 36 46 3 79 20 68 59 2 93 65 16 27 92 33 21 15 57 3 97 84 97 74 87 32 
95 80 4 1 24 58 65 18 36 98 53 11 82 100 43 13 68 47 65 39 6 36 51 80 54 0 58 70 2 40 28 14 37 49 78 82 40 11 57 0 79 100 91 37 63 0 58 75 67 63 33 60 76 40 87 85 61 76 82 82 26 36 95 83 48 93 26 49 34 27 9 32 81 1 57 15 83 66 99 100 24 84 20 11 23 54 54 19 6 24 61 73 92 94 5 27 49 83 1 36 
97 44 69 78 20 78 25 86 15 35 11 19 6 31 58 17 26 79 72 35 75 77 41 84 77 37 53 39 71 55 71 3 2 21 72 10 66 84 32 79 0 0 100 20 19 98 38 47 7 34 7 82 18 43 20 43 86 0 13 1 2 70 97 14 9 45 83 72 88 64 35 39 96 63 14 94 87 41 100 88 73 79 97 82 25 17 64 75 94 13 89 0 100 16 51 93 56 54 35 92 
33 66 42 58 47 14 59 36 11 82 22 58 2 54 40 18 37 0 81 86 23 37 16 62 41 77 53 41 100 13 92 69 76 38 32 66 30 29 29 100 0 0 51 69 11 23 60 40 25 59 71 81 54 72 0 47 8 2 17 75 96 32 83 52 87 91 29 74 97 8 9 24 31 65 81 80 93 50 56 78 65 60 2 90 2 33 8 5 72 90 74 61 59 75 44 54 81 4 58 83 
5 92 74 4 23 33 81 58 25 23 13 60 58 75 34 95 64 90 4 6 67 54 6 0 65 99 67 48 37 82 70 23 10 75 16 87 61 50 89 91 100 51 0 67 82 100 35 63 81 37 24 2 8 11 80 100 55 56 44 51 12 50 62 33 7 81 35 76 65 41 64 75 98 64 52 46 15 42 0 7 54 49 86 6 52 1 6 86 17 76 48 43 19 74 41 43 77 41 51 46 
94 39 80 24 76 34 60 98 93 21 9 28 81 39 39 8 73 47 93 95 60 11 26 18 39 84 0 87 4 3 22 22 57 16 43 42 8 85 29 37 20 69 67 0 12 45 1 28 58 44 62 68 11 23 38 37 97 72 59 78 76 92 30 98 44 89 34 70 83 91 9 93 22 21 20 56 82 46 96 9 64 69 42 35 79 28 32 54 67 70 41 14 13 59 61 3 65 23 25 4 
94 21 37 6 63 66 47 83 26 16 20 89 27 21 83 38 89 65 29 16 83 83 66 69 6 91 31 79 59 63 4 71 8 29 25 80 27 23 80 63 19 11 82 12 0 64 66 5 57 45 19 23 48 12 40 68 17 51 34 100 35 21 71 2 15 89 51 30 85 48 36 91 28 20 96 8 88 29 47 80 79 95 4 32 96 34 34 73 61 25 0 82 52 85 3 36 16 84 20 97 
48 89 16 27 96 52 41 83 17 70 80 63 60 60 5 47 84 44 40 38 22 75 84 48 2 29 57 9 67 89 75 68 18 51 32 66 94 10 24 0 98 23 100 45 64 0 26 99 34 19 9 13 62 68 37 47 83 6 10 11 70 17 98 37 48 54 73 19 93 94 71 75 24 53 5 77 24 31 7 23 30 17 39 96 100 31 1 84 83 82 63 32 7 6 19 28 10 0 54 98 
18 8 79 3 90 64 8 4 50 37 89 61 80 32 84 66 64 19 42 22 20 99 31 43 36 26 83 18 57 59 58 81 68 96 98 33 53 51 19 58 38 60 35 1 66 26 0 89 49 46 12 68 10 14 2 80 96 70 39 21 47 93 93 64 73 78 17 64 8 85 62 83 84 23 82 9 3 9 37 77 10 27 87 52 2 31 98 90 14 74 52 19 85 46 27 0 99 4 18 75 
53 58 59 58 25 93 98 15 5 54 19 88 69 1 14 37 34 70 73 95 54 12 38 28 32 15 16 37 11 0 57 36 76 100 33 44 3 32 16 75 47 40 63 28 5 99 89 0 54 77 9 59 45 0 73 16 28 83 87 86 27 20 40 19 62 43 24 18 45 54 2 76 65 89 88 66 22 52 86 98 51 82 96 73 62 100 36 87 10 96 77 21 30 64 1 67 92 65 75 46 
36 11 65 98 12 47 38 80 6 16 30 53 12 59 45 0 37 24 24 49 45 55 93 95 55 59 87 99 63 18 18 77 41 71 97 74 23 56 71 67 7 25 81 58 57 34 49 54 0 40 45 91 77 100 48 59 76 87 55 80 77 37 57 87 82 66 98 13 33 39 70 62 92 24 84 2 23 7 31 9 50 73 57 50 8 45 39 64 27 80 40 78 45 74 71 65 94 76 83 58 
54 7 60 49 11 2 79 38 97 78 84 40 8 11 51 66 60 24 4 80 11 60 44 39 60 18 42 66 51 31 3 4 39 25 16 33 46 38 63 63 34 59 37 44 45 19 46 77 40 0 90 61 94 25 56 75 23 43 97 35 77 44 39 9 74 33 22 80 74 66 77 27 2 59 47 1 78 63 75 46 62 92 33 1 34 80 93 19 56 17 62 18 54 8 6 77 47 83 4 35 
74 14 87 46 2 6 59 79 42 75 77 15 61 46 77 54 73 14 61 29 63 98 94 34 79 11 32 47 71 75 22 61 35 69 37 39 69 53 29 33 7 71 24 62 19 9 12 9 45 90 0 54 18 96 77 1 13 62 17 14 67 72 23 75 19 99 56 3 91 37 75 36 78 91 81 86 40 36 93 44 76 44 93 86 45 50 68 9 45 23 3 46 50 46 93 62 98 95 42 64 
13 59 77 18 66 59 20 72 4 76 69 69 75 86 41 76 85 18 70 61 91 89 39 5 29 67 87 55 27 6 73 46 74 42 23 20 4 27 74 60 82 81 2 68 23 13 68 59 91 61 54 0 73 68 71 36 97 49 7 44 100 36 1 53 55 74 8 19 23 86 53 19 71 7 30 95 71 13 26 13 31 36 4 84 68 90 47 18 72 3 6 89 74 85 21 78 70 74 41 39 
85 11 85 6 58 8 67 61 34 46 6 93 36 30 98 68 0 46 74 55 30 20 35 84 46 14 64 74 74 95 18 94 54 3 79 70 50 57 98 76 18 54 8 11 48 62 10 45 77 94 18 73 0 8 46 3 27 41 39 32 21 7 9 99 100 47 78 79 71 64 72 43 61 52 3 87 57 76 100 67 29 35 84 97 13 24 54 0 79 56 49 59 23 58 53 98 51 3 4 66 
70 36 4 23 88 5 73 68 76 84 42 1 64 70 48 75 84 85 34 46 64 69 53 43 41 93 68 99 63 67 26 92 99 34 44 31 14 58 34 40 43 72 11 23 12 68 14 0 100 25 96 68 8 0 87 98 15 43 24 12 27 91 62 65 0 32 62 69 80 86 66 28 60 85 28 40 79 42 21 33 68 67 86 12 17 78 13 64 70 96 90 21 78 74 30 94 83 66 83 36 
55 33 49 81 12 66 95 85 63 60 36 1 32 79 28 27 33 10 70 46 63 78 60 66 82 25 60 62 59 26 37 12 12 26 49 23 5 81 53 87 20 0 80 38 40 37 2 73 48 56 77 71 46 87 0 21 93 95 5 97 50 90 80 25 29 85 29 40 13 25 57 80 51 54 44 20 45 91 48 79 35 48 75 17 35 1 61 32 21 24 44 90 96 2 85 45 59 27 81 26 
90 39 36 2 63 13 64 94 51 14 33 89 47 71 10 5 46 60 27 13 48 29 79 35 20 38 40 41 54 85 75 58 31 93 97 55 23 86 99 85 43 47 100 37 68 47 80 16 59 75 1 36 3 98 21 0 49 45 23 51 69 63 37 24 100 40 64 11 99 94 79 40 42 86 25 18 0 3 68 10 97 87 7 95 22 30 33 76 63 60 98 62 54 72 43 76 60 45 22 57 
0 42 71 61 9 52 77 21 4 83 48 73 18 43 83 56 0 43 21 68 91 13 22 100 18 75 2 94 22 81 39 22 29 48 2 19 38 78 9 61 86 8 55 97 17 83 96 28 76 23 13 97 27 15 93 49 0 12 98 86 55 43 63 72 17 11 63 55 22 54 45 30 65 57 41 65 59 18 4 45 28 24 15 87 22 37 61 32 81 28 20 58 97 3 85 36 58 55 96 42 
79 78 65 74 17 74 94 51 55 79 31 6 91 12 0 15 26 93 7 25 8 2 48 1 56 90 90 28 41 70 8 90 67 47 13 20 95 89 59 76 0 2 56 72 51 6 70 83 87 43 62 49 41 43 95 45 12 0 36 41 0 30 49 47 69 21 13 65 83 80 52 37 84 61 89 38 64 0 16 37 74 49 47 98 13 77 10 11 52 15 17 62 96 24 70 46 7 1 69 93 
83 36 95 6 65 27 67 95 56 22 40 58 24 91 65 38 24 55 49 55 5 96 30 8 24 79 30 72 30 56 98 93 12 54 34 58 37 84 46 82 13 17 44 59 34 10 39 87 55 97 17 7 39 24 5 23 98 36 0 79 58 87 52 5 34 75 4 57 48 0 17 15 17 36 83 66 35 49 59 0 90 7 95 71 87 82 57 11 26 81 8 6 26 55 13 30 55 54 15 30 
57 6 25 2 47 68 23 16 0 55 99 39 97 19 55 26 38 80 72 47 79 66 69 35 48 28 49 77 28 91 89 92 83 89 3 88 37 99 22 82 1 75 51 78 100 11 21 86 80 35 14 44 32 12 97 51 86 41 79 0 20 67 2 17 53 34 7 80 54 43 60 67 41 71 95 42 78 24 39 17 59 78 21 14 59 46 57 2 85 94 93 65 100 92 93 49 10 56 33 77 
50 80 4 2 66 75 48 56 3 67 52 16 80 75 54 37 60 61 20 10 54 28 23 97 93 64 34 88 53 99 50 57 28 13 9 40 73 49 55 26 2 96 12 76 35 70 47 27 77 77 67 100 21 27 50 69 55 0 58 20 0 42 88 77 34 61 9 40 43 85 85 74 15 34 26 15 35 15 41 75 76 90 72 14 10 64 34 65 30 82 3 23 4 48 63 14 32 90 13 4 
83 18 66 23 92 29 35 26 24 72 6 75 38 77 77 48 59 48 40 2 28 53 70 19 49 64 49 64 41 10 39 25 35 17 92 57 34 56 54 36 70 32 50 92 21 17 93 20 37 44 72 36 7 91 90 63 43 30 87 67 42 0 14 66 84 50 82 46 66 97 57 55 35 57 74 63 78 42 6 27 62 47 100 7 5 45 46 19 41 60 75 15 74 82 19 48 65 24 79 10 
83 49 62 31 1 0 26 58 95 76 78 87 64 53 52 39 5 43 6 55 85 4 57 57 73 43 17 4 88 35 55 93 88 12 10 78 33 8 75 95 97 83 62 30 71 98 93 40 57 39 23 1 9 62 80 37 63 49 52 2 88 14 0 96 98 29 46 92 30 32 9 46 33 24 99 7 28 21 36 100 34 17 3 81 24 61 82 98 55 37 87 77 48 23 85 41 21 41 49 72 
95 81 39 55 21 52 92 51 62 7 62 62 17 83 28 89 63 49 52 18 11 56 48 39 45 75 44 79 54 4 94 13 5 5 98 90 29 61 73 83 14 52 33 98 2 37 64 19 87 9 75 53 99 65 25 24 72 47 5 17 77 66 96 0 53 61 59 70 11 10 1 63 39 67 86 19 49 20 73 100 30 58 26 92 29 50 18 92 46 27 60 94 71 89 74 49 54 72 4 58 
40 22 55 41 38 98 6 60 47 29 51 86 0 79 20 34 78 7 39 75 100 40 89 45 59 58 43 53 66 76 99 25 43 12 63 78 27 3 9 48 9 87 7 44 15 48 73 62 82 74 19 55 100 0 29 100 17 69 34 53 34 84 98 53 0 3 45 96 53 53 79 11 82 49 49 16 46 56 11 29 40 41 75 5 14 1 27 12 71 33 13 45 30 36 100 77 28 37 12 100 
29 94 99 89 75 100 29 62 31 59 54 73 52 73 46 24 88 52 59 22 88 54 94 42 78 34 32 49 48 95 68 98 56 59 25 27 75 47 40 93 45 91 81 89 89 54 78 43 66 33 99 74 47 32 85 40 11 21 75 34 61 50 29 61 3 0 17 10 34 21 46 23 98 92 41 79 36 56 24 61 61 45 98 10 65 67 10 29 71 99 50 29 96 71 44 60 15 52 14 16 
80 61 6 41 97 55 24 3 85 75 45 19 69 74 20 49 49 44 70 13 36 88 95 56 93 36 91 32 87 65 45 35 21 89 79 25 79 78 35 26 83 29 35 34 51 73 17 24 98 22 56 8 78 62 29 64 63 13 4 7 9 82 46 59 45 17 0 62 27 81 52 14 48 15 10 75 48 62 41 61 32 49 20 51 39 95 63 69 58 82 70 42 5 30 27 33 33 23 29 94 
49 3 16 67 26 92 83 20 79 29 9 46 52 70 0 64 12 7 52 72 19 97 57 95 68 72 71 5 2 13 50 92 42 75 34 89 3 34 52 49 72 74 76 70 30 19 64 18 13 80 3 19 79 69 40 11 55 65 57 80 40 46 92 70 96 10 62 0 73 62 47 86 34 62 68 60 40 66 89 28 80 39 71 12 68 66 4 96 78 85 92 34 86 89 10 62 98 65 69 93 
7 68 5 66 76 1 5 1 83 83 67 30 36 9 54 5 38 0 83 32 86 54 9 55 30 14 29 41 2 28 82 14 45 65 12 80 76 84 75 34 88 97 65 83 85 93 8 45 33 74 91 23 71 80 13 99 22 83 48 54 43 66 30 11 53 34 27 73 0 31 79 63 40 91 40 67 86 93 47 22 99 48 4 81 27 28 40 70 92 65 6 48 58 11 32 72 91 33 7 95 
100 33 89 31 9 19 16 0 8 74 73 78 88 91 1 48 54 86 64 80 75 14 73 55 39 69 23 27 14 39 2 71 75 16 66 61 42 23 86 27 64 8 41 91 48 94 85 54 39 66 37 86 64 86 25 94 54 80 0 43 85 97 32 10 53 21 81 62 31 0 30 18 46 84 83 46 100 53 17 12 71 46 28 11 86 6 71 18 86 97 7 100 48 50 99 92 83 28 34 29 
89 43 19 91 83 69 2 87 39 17 35 93 70 24 83 21 92 46 42 92 40 76 69 8 12 31 41 74 23 35 22 88 79 52 78 59 69 75 45 9 35 9 64 9 36 71 62 2 70 77 75 53 72 66 57 79 45 52 17 60 85 57 9 1 79 46 52 47 79 30 0 36 88 30 8 12 41 76 71 54 84 62 25 64 44 78 36 56 16 22 79 22 19 76 99 84 61 46 23 86 
68 49 64 19 81 80 83 58 31 95 98 99 39 1 96 88 8 85 89 94 66 20 79 73 82 67 80 52 46 3 22 78 44 84 57 43 67 60 69 32 39 24 75 93 91 75 83 76 62 27 36 19 43 28 80 40 30 37 15 67 74 55 46 63 11 23 14 86 63 18 36 0 15 98 69 37 97 63 22 17 23 87 2 75 26 65 10 34 95 22 42 94 25 76 42 63 14 98 49 85 
96 13 17 92 2 46 28 67 33 1 33 36 54 5 45 9 67 59 12 85 93 43 3 44 79 29 60 78 95 40 4 46 3 29 92 90 28 2 1 81 96 31 98 22 28 24 84 65 92 2 78 71 61 60 51 42 65 84 17 41 15 35 33 39 82 98 48 34 40 46 88 15 0 78 96 87 32 71 64 36 83 81 42 97 37 68 90 62 41 93 57 3 10 38 14 93 36 29 54 50 
77 43 38 80 70 11 76 44 59 18 19 93 34 7 0 88 92 9 95 79 40 33 19 9 9 43 79 71 87 96 42 52 84 41 75 34 24 78 79 1 63 65 64 21 20 53 23 89 24 59 91 7 52 85 54 86 57 61 36 71 34 57 24 67 49 92 15 62 91 84 30 98 78 0 4 1 11 50 91 34 13 15 17 88 52 47 92 65 41 54 55 84 58 73 99 96 88 44 99 28 
60 81 15 7 70 15 73 80 16 37 7 10 44 47 29 27 51 31 53 2 10 25 8 35 79 56 43 21 5 25 48 35 56 61 85 37 24 7 37 57 14 81 52 20 96 5 82 88 84 47 81 30 3 28 44 25 41 89 83 95 26 74 99 86 49 41 10 68 40 83 8 69 96 4 0 28 12 81 85 48 42 21 52 83 25 56 24 65 52 6 53 89 53 57 14 35 88 13 26 41 
35 100 91 26 38 0 10 29 34 27 68 65 41 43 83 73 68 8 81 54 22 0 29 73 74 13 7 76 0 73 32 80 70 20 40 65 78 9 12 15 94 80 46 56 8 77 9 66 2 1 86 95 87 40 20 18 65 38 66 42 15 63 7 19 16 79 75 60 67 46 12 37 87 1 28 0 36 79 13 88 22 51 35 60 66 1 96 37 61 86 21 29 7 73 49 39 8 22 57 92 
63 90 89 73 90 21 87 69 43 5 58 94 60 93 2 20 87 81 75 53 29 52 91 52 76 13 41 89 22 13 85 52 0 9 19 43 16 5 36 83 87 93 15 82 88 24 3 22 23 78 40 71 57 79 45 0 59 64 35 78 35 78 28 49 46 36 48 40 86 100 41 97 32 11 12 36 0 45 25 54 6 77 54 66 45 81 99 6 43 23 89 72 50 89 13 79 97 45 54 53 
89 52 41 23 50 52 49 86 95 100 27 31 19 9 35 86 78 38 15 82 11 80 65 98 72 56 45 87 77 10 33 69 75 65 62 77 75 49 46 66 41 50 42 46 29 31 9 52 7 63 36 13 76 42 91 3 18 0 49 24 15 42 21 20 56 56 62 66 93 53 76 63 71 50 81 79 45 0 80 62 71 16 8 71 91 17 97 29 65 78 40 55 53 7 23 29 18 36 39 57 
96 70 52 17 74 51 67 67 7 67 8 24 20 58 42 48 80 81 41 28 39 92 95 10 0 86 51 35 66 41 8 64 16 62 73 40 46 5 3 99 100 56 0 96 47 7 37 86 31 75 93 26 100 21 48 68 4 16 59 39 41 6 36 73 11 24 41 89 47 17 71 22 64 91 85 13 25 80 0 42 100 88 23 54 62 49 35 43 75 65 49 96 28 4 95 2 46 97 31 93 
70 68 96 25 6 94 0 77 7 48 89 26 19 71 14 20 42 19 6 21 86 90 37 23 77 68 37 97 75 29 70 82 54 74 31 61 22 4 79 100 88 78 7 9 80 23 77 98 9 46 44 13 67 33 79 10 45 37 0 17 75 27 100 100 29 61 61 28 22 12 54 17 36 34 48 88 54 62 42 0 72 41 46 62 6 34 15 40 40 72 40 35 30 71 3 35 43 82 94 38 
43 26 33 87 23 78 29 27 10 32 59 2 52 18 54 70 25 76 26 43 7 53 89 75 8 43 54 81 90 15 22 73 16 76 42 84 41 25 20 24 73 65 54 64 79 30 10 51 50 62 76 31 29 68 35 97 28 74 90 59 76 62 34 30 40 61 32 80 99 71 84 23 83 13 42 22 6 71 100 72 0 33 70 95 30 90 11 97 50 59 96 5 18 23 90 38 56 71 49 6 
33 49 83 6 4 77 16 63 12 22 46 11 80 5 98 59 35 96 24 20 80 10 1 30 99 44 84 2 42 50 64 82 44 96 5 28 9 93 68 84 79 60 49 69 95 17 27 82 73 92 44 36 35 67 48 87 24 49 7 78 90 47 17 58 41 45 49 39 48 46 62 87 81 15 21 51 77 16 88 41 33 0 41 16 5 96 91 97 17 8 93 65 25 45 33 84 56 96 59 8 
65 85 41 13 49 4 90 74 90 58 98 26 15 22 86 22 58 77 65 17 30 20 69 95 16 31 29 95 6 67 10 39 6 42 39 8 26 99 59 20 97 2 86 42 4 39 87 96 57 33 93 4 84 86 75 7 15 47 95 21 72 100 3 26 75 98 20 71 4 28 25 2 42 17 52 35 54 8 23 46 70 41 0 69 31 39 33 62 79 56 76 73 11 14 51 22 81 7 53 27 
72 77 58 80 68 32 6 32 97 27 22 59 54 74 86 42 72 39 84 43 4 1 87 36 11 96 77 16 4 82 9 13 73 47 15 46 20 22 2 11 82 90 6 35 32 96 52 73 50 1 86 84 97 12 17 95 87 98 71 14 14 7 81 92 5 10 51 12 81 11 64 75 97 88 83 60 66 71 54 62 95 16 69 0 81 54 32 30 98 70 27 76 30 95 92 48 63 43 74 23 
82 92 47 7 42 31 68 100 40 68 50 57 62 54 77 56 38 94 33 20 42 76 56 52 63 91 46 8 53 66 4 70 56 92 43 90 12 58 93 23 25 2 52 79 96 100 2 62 8 34 45 68 13 17 35 22 22 13 87 59 10 5 24 29 14 65 39 68 27 86 44 26 37 52 25 66 45 91 62 6 30 5 31 81 0 53 38 41 79 98 10 11 58 56 43 30 82 14 35 5 
29 34 60 4 46 8 86 17 100 22 67 30 60 9 32 98 77 74 86 93 43 79 36 14 31 32 42 68 87 55 47 56 99 7 54 6 76 80 65 54 17 33 1 28 34 31 31 100 45 80 50 90 24 78 1 30 37 77 82 46 64 45 61 50 1 67 95 66 28 6 78 65 68 47 56 1 81 17 49 34 90 96 39 54 53 0 13 89 28 81 87 90 54 13 76 44 90 87 19 49 
76 96 6 85 47 14 1 32 100 9 27 21 29 84 56 18 66 12 93 7 5 19 13 57 32 22 58 62 48 92 98 22 0 84 47 52 1 63 16 54 64 8 6 32 34 1 98 36 39 93 68 47 54 13 61 33 61 10 57 57 34 46 82 18 27 10 63 4 40 71 36 10 90 92 24 96 99 97 35 15 11 91 33 32 38 13 0 40 71 90 78 9 88 51 70 97 97 10 76 30 
99 18 89 59 21 94 10 99 53 76 79 37 1 94 80 99 34 35 3 48 43 3 47 76 23 65 58 43 1 15 33 83 5 0 29 40 44 65 27 19 75 5 86 54 73 84 90 87 64 19 9 18 0 64 32 76 32 11 11 2 65 19 98 92 12 29 69 96 70 18 56 34 62 65 65 37 6 29 43 40 97 97 62 30 41 89 40 0 55 48 87 4 53 65 90 60 38 36 78 28 
77 83 64 29 97 40 81 75 89 54 22 16 34 53 64 61 19 54 55 11 43 39 33 70 45 58 42 46 67 36 52 43 17 24 51 68 93 14 92 6 94 72 17 67 61 83 14 10 27 56 45 72 79 70 21 63 81 52 26 85 30 41 55 46 71 71 58 78 92 86 16 95 41 41 52 61 43 65 75 40 50 17 79 98 79 28 71 55 0 50 38 18 46 56 8 62 96 35 96 97 
34 4 4 47 53 4 17 7 95 49 70 8 100 8 44 67 25 18 3 95 23 65 28 16 75 47 59 52 87 39 93 4 87 31 16 16 92 13 33 24 13 90 76 70 25 82 74 96 80 17 23 3 56 96 24 60 28 15 81 94 82 60 37 27 33 99 82 85 65 97 22 22 93 54 6 86 23 78 65 72 59 8 56 70 98 81 90 48 50 0 74 6 43 85 47 41 20 35 42 4 
3 49 70 76 31 40 66 19 41 0 9 30 31 10 26 25 13 86 89 24 79 70 13 70 82 78 29 92 35 71 65 1 71 5 3 2 8 71 21 61 89 74 48 41 0 63 52 77 40 62 3 6 49 90 44 98 20 17 8 93 3 75 87 60 13 50 70 92 6 7 79 42 57 55 53 21 89 40 49 40 96 93 76 27 10 87 78 87 38 74 0 68 28 52 34 78 67 48 46 94 
26 7 58 22 95 58 17 9 5 100 68 28 47 60 69 34 35 78 98 58 41 56 22 91 4 82 2 86 20 41 83 22 11 14 78 65 16 54 15 73 0 61 43 14 82 32 19 21 78 18 46 89 59 21 90 62 58 62 6 65 23 15 77 94 45 29 42 34 48 100 22 94 3 84 89 29 72 55 96 35 5 65 73 76 11 90 9 4 18 6 68 0 32 6 56 96 95 71 31 70 
77 24 33 1 7 13 47 0 94 67 53 42 93 0 93 4 0 91 3 65 26 52 51 58 58 23 84 81 98 3 24 29 36 25 17 67 0 90 57 92 100 59 19 13 52 7 85 30 45 54 50 74 23 78 96 54 97 96 26 100 4 74 48 71 30 96 5 86 58 48 19 25 10 58 53 7 50 53 28 30 18 25 11 30 58 54 88 53 46 43 28 32 0 69 20 72 11 71 22 19 
63 51 1 41 89 99 78 15 25 62 89 84 65 29 29 11 86 13 30 79 55 31 69 42 0 50 88 46 32 3 90 16 41 53 35 39 99 24 3 94 16 75 74 59 85 6 46 64 74 8 46 85 58 74 2 72 3 24 55 92 48 82 23 89 36 71 30 89 11 50 76 76 38 73 57 73 89 7 4 71 23 45 14 95 56 13 51 65 56 85 52 6 69 0 47 91 38 42 70 4 
6 63 95 22 16 10 23 68 26 12 43 97 37 32 89 90 38 21 52 27 41 5 67 65 10 52 30 22 55 73 33 68 50 54 99 66 40 7 97 5 51 44 41 61 3 19 27 1 71 6 93 21 53 30 85 43 85 70 13 93 63 19 85 74 100 44 27 10 32 99 99 42 14 99 14 49 13 23 95 3 90 33 51 92 43 76 70 90 8 47 34 56 20 47 0 56 72 52 14 17 
29 38 57 52 18 6 83 15 44 90 41 49 88 95 34 70 64 44 0 41 39 76 60 80 14 57 79 53 43 52 32 63 19 24 14 67 63 46 84 27 93 54 43 3 36 28 0 67 65 77 62 78 98 94 45 76 36 46 30 49 14 48 41 49 77 60 33 62 72 92 84 63 93 96 35 39 79 29 2 35 38 84 22 48 30 44 97 60 62 41 78 96 72 91 56 0 63 60 99 59 
75 23 51 74 68 77 40 18 73 87 39 47 53 77 49 72 41 68 55 41 81 53 63 87 33 48 68 37 8 4 89 33 60 5 36 84 61 58 97 49 56 81 77 65 16 10 99 92 94 47 98 70 51 83 59 60 58 7 55 10 32 65 21 54 28 15 33 98 91 83 61 14 36 88 88 8 97 18 46 43 56 56 81 63 82 90 97 38 96 20 67 95 11 38 72 63 0 97 87 35 
65 69 47 37 75 5 63 38 19 34 29 73 55 39 19 5 13 87 21 20 62 51 38 58 10 97 41 11 86 47 91 4 24 49 10 92 76 67 74 83 54 4 41 23 84 0 4 65 76 83 95 74 3 66 27 45 55 1 54 56 90 24 41 72 37 52 23 65 33 28 46 98 29 44 13 22 45 36 97 82 71 96 7 43 14 87 10 36 35 35 48 71 71 42 52 60 97 0 38 49 
58 22 39 0 65 24 31 26 19 61 31 31 65 67 14 54 99 18 79 12 46 19 77 78 15 38 49 9 57 97 19 76 12 71 83 83 95 7 87 1 35 58 51 25 20 54 18 75 83 4 42 41 4 83 81 22 96 69 15 33 13 79 49 4 12 14 29 69 7 34 23 49 54 99 26 57 54 39 31 94 49 59 53 74 35 19 76 78 96 42 46 31 22 70 14 99 87 38 0 57 
46 37 11 22 71 17 69 14 53 31 70 88 5 90 85 71 86 0 26 46 44 64 15 17 70 48 2 94 93 80 20 35 70 28 63 75 24 49 32 36 92 83 46 4 97 98 75 46 58 35 64 39 66 36 26 57 42 93 30 77 4 10 72 58 100 16 94 93 95 29 86 85 50 28 41 92 53 57 93 38 6 8 27 23 5 49 30 28 97 4 94 70 19 4 17 59 35 49 57 0 
